1 25
2 0
-5000 -5000
92 528
-5000 -5000
92 528
-5000 -5000
92 528
-5000 -5000
92 528
-5000 -5000
92 528
-5000 -5000
92 528
-5000 -5000
92 528
92 528
92 528
92 528
92 528
92 528
92 528
92 528
92 528
92 528
92 528
92 528
92 528
92 528
92 528
92 528
94 526
100 521
108 514
119 503
135 487
152 470
170 453
188 440
201 433
215 428
226 424
226 424
242 421
242 421
248 419
253 417
259 415
263 411
268 407
273 402
281 396
287 391
295 386
304 383
318 379
333 375
351 367
370 358
394 343
419 328
443 312
456 304
466 298
474 294
479 291
481 290
482 290
482 290
482 290
482 290
482 290
482 290
482 290
482 290
482 290
482 290
482 290
482 290
482 290
482 290
482 290
482 290
482 290
482 288
493 272
504 254
516 239
527 222
548 197
558 185
567 176
573 172
576 171
577 170
578 170
578 170
578 170
578 170
577 171
576 172
574 174
574 175
573 175
573 176
573 176
573 176
573 176
573 176
573 176
573 176
573 176
573 176
573 176
573 176
573 176
573 176
573 176
573 176
573 176
573 176
573 176
573 176
573 176
-5000 -5000
573 176
-5000 -5000
573 176
-5000 -5000
573 176
-5000 -5000
573 176
-5000 -5000
573 176
-5000 -5000
573 176
-5000 -5000
573 176
573 176
573 176
573 176
573 176
573 176
573 176
573 176
573 176
573 176
573 176
573 176
573 176
573 176
573 176
573 176
573 176
573 176
573 176
573 176
573 176
570 179
561 188
551 198
543 207
532 220
517 235
504 252
494 264
485 276
480 286
475 293
471 299
469 303
467 307
466 308
466 309
466 310
466 310
466 310
466 310
466 310
466 310
466 310
466 310
466 310
466 309
467 307
472 304
476 299
480 294
483 291
484 289
487 287
488 285
489 285
489 284
490 282
491 281
491 281
493 278
494 276
495 275
496 274
496 273
497 273
497 273
497 273
497 273
497 273
497 273
497 273
497 273
497 273
497 273
497 273
497 273
497 273
497 273
497 273
497 273
497 273
497 273
497 273
497 273
497 273
497 273
497 273
497 273
497 273
497 273
497 273
497 273
497 273
497 273
497 273
497 273
497 273
497 273
497 273
497 273
497 273
497 273
497 273
497 273
497 273
497 273
497 273
497 273
497 273
497 273
497 273
497 273
497 273
497 273
497 273
497 273
497 273
497 273
497 273
497 273
497 273
497 273
497 273
497 273
496 273
491 278
483 288
478 295
470 303
464 311
459 318
456 322
453 328
450 331
448 335
445 339
443 342
439 346
436 351
433 353
429 357
426 360
422 363
421 364
421 364
419 365
419 365
419 365
419 365
419 365
419 365
418 365
418 365
418 365
417 365
417 365
417 364
417 364
417 364
417 364
417 364
417 364
417 364
417 363
417 363
417 363
417 363
417 363
417 363
417 363
417 363
417 363
417 363
417 363
417 363
417 363
417 363
417 363
417 363
417 363
417 363
417 363
-5000 -5000
417 363
-5000 -5000
-5000 -5000
417 363
-5000 -5000
417 363
-5000 -5000
417 363
-5000 -5000
417 363
-5000 -5000
417 363
-5000 -5000
417 363
-5000 -5000
417 363
417 363
417 363
417 363
417 363
417 363
417 363
417 363
417 363
417 363
417 363
417 363
417 363
417 363
417 363
417 363
417 363
417 363
417 363
417 363
417 363
417 363
417 363
417 363
417 363
417 363
417 363
417 363
417 363
417 363
417 363
417 363
417 363
417 363
417 363
417 363
417 363
417 363
417 363
417 363
417 363
417 363
417 363
418 363
425 363
440 364
461 369
486 378
511 388
524 396
537 402
542 406
549 410
552 413
555 415
557 418
559 419
562 420
565 420
569 420
572 420
574 420
575 420
576 420
576 420
576 420
576 420
576 420
576 420
576 420
576 420
576 420
576 420
576 420
576 420
576 420
576 420
576 420
576 420
576 420
576 420
576 420
576 420
576 420
576 420
576 420
576 420
576 420
576 420
576 420
576 420
576 420
576 420
576 420
-5000 -5000
576 420
-5000 -5000
576 420
-5000 -5000
576 420
-5000 -5000
576 420
-5000 -5000
576 420
-5000 -5000
576 420
-5000 -5000
576 420
-5000 -5000
576 420
576 420
576 420
576 420
576 420
576 420
576 420
576 420
576 420
576 420
576 420
576 420
576 420
576 420
576 420
576 420
576 420
576 420
576 420
576 420
576 420
576 420
574 420
570 417
560 410
549 401
541 394
530 385
523 376
516 368
510 362
504 356
499 351
493 348
493 348
484 342
484 342
479 339
474 336
469 333
465 331
462 329
460 327
459 324
458 324
458 323
458 323
458 323
458 323
458 323
458 323
458 323
458 323
458 323
458 323
458 323
458 322
458 322
458 322
458 321
458 320
458 319
458 318
458 318
458 318
458 318
458 318
458 318
458 318
458 318
458 317
458 317
458 317
458 317
458 317
458 317
458 317
458 317
458 317
458 317
458 317
458 317
458 317
458 317
458 317
458 317
458 317
458 317
458 317
458 317
458 317
458 317
458 317
458 317
458 317
458 317
458 317
458 317
458 317
458 317
458 317
458 317
458 317
458 317
458 317
458 317
458 317
458 317
458 317
458 317
458 317
458 317
458 317
458 317
458 317
458 317
458 317
458 317
458 317
458 317
458 317
458 317
458 317
458 317
-5000 -5000
458 317
-5000 -5000
458 317
-5000 -5000
458 317
-5000 -5000
458 317
-5000 -5000
458 317
-5000 -5000
458 317
-5000 -5000
458 317
-5000 -5000
458 317
458 317
458 317
458 317
458 317
458 317
458 317
458 317
458 317
458 317
458 317
458 317
458 317
458 317
458 317
458 317
458 317
458 317
458 317
458 317
458 317
458 317
458 317
458 316
460 313
465 306
471 299
480 288
490 277
502 265
517 249
533 234
543 225
556 214
566 207
575 201
582 195
582 195
588 190
593 185
596 181
600 177
602 175
603 174
603 174
603 173
603 173
603 173
603 173
603 172
603 172
603 171
603 170
603 168
603 165
607 160
612 153
618 144
624 136
629 130
633 126
637 122
638 121
638 121
638 121
638 121
638 121
638 121
638 121
638 121
638 121
638 121
638 121
638 121
638 121
638 121
638 121
638 121
638 121
638 121
638 121
638 121
638 121
638 121
638 121
638 121
638 121
638 121
638 121
638 121
638 121
638 121
638 121
638 121
638 121
638 121
638 121
638 121
638 121
638 121
638 121
638 121
638 121
638 121
638 121
638 121
638 121
638 121
638 121
638 121
638 121
638 121
638 121
638 121
638 121
638 121
638 121
638 121
638 121
638 121
638 121
638 121
638 121
638 121
638 121
638 121
638 121
638 121
638 121
638 121
638 121
638 121
638 121
638 121
638 121
638 121
638 121
638 121
638 121
638 121
638 121
638 121
638 121
638 121
638 121
638 121
638 121
638 121
638 121
638 121
638 121
638 121
638 121
638 121
-5000 -5000
638 121
-5000 -5000
638 121
-5000 -5000
638 121
-5000 -5000
638 121
-5000 -5000
638 121
-5000 -5000
638 121
-5000 -5000
638 121
-5000 -5000
638 121
-5000 -5000
638 121
638 121
638 121
638 121
638 121
638 121
638 121
638 121
638 121
638 121
638 121
638 121
638 121
638 121
638 121
638 121
638 121
638 121
638 121
638 121
638 121
638 121
638 121
638 121
638 121
637 122
630 131
620 144
609 160
596 176
583 197
568 217
555 236
547 247
540 257
535 264
531 270
528 276
524 281
521 284
518 286
517 287
516 288
516 288
516 288
516 288
516 288
516 288
516 288
516 288
516 288
516 288
516 288
516 288
516 288
516 288
516 288
516 288
516 288
516 288
515 290
512 298
509 307
506 314
503 321
497 335
493 348
490 356
488 363
485 370
482 376
480 381
477 384
475 387
473 391
473 391
469 395
468 397
468 397
465 401
465 401
463 404
462 406
461 407
460 409
458 410
457 412
456 414
455 416
453 419
451 422
449 425
447 428
444 432
442 434
441 436
441 436
441 436
441 436
441 436
441 436
441 436
441 436
441 436
441 436
441 436
441 436
441 436
441 436
441 436
441 436
441 436
441 436
441 436
441 436
441 436
441 436
441 436
441 436
441 436
441 436
441 436
441 436
441 436
441 436
441 436
441 436
441 436
441 436
441 436
441 436
441 436
441 436
441 436
441 436
441 436
441 436
441 436
441 436
441 436
441 436
441 436
441 436
441 436
441 436
441 436
441 436
443 436
443 436
446 437
451 438
453 439
453 439
455 440
455 440
456 440
456 440
456 440
456 440
456 440
456 440
456 440
456 440
456 440
456 440
456 440
456 440
456 440
456 440
456 440
456 440
456 440
456 440
456 440
456 440
456 440
456 440
456 440
456 440
456 440
456 440
456 440
456 440
456 440
456 440
456 440
456 440
456 440
456 440
456 440
457 440
460 440
463 441
468 443
471 445
475 446
477 449
479 449
480 449
480 449
480 449
480 449
480 449
480 449
480 449
480 449
480 449
480 449
479 449
477 449
473 449
469 448
466 447
463 446
461 446
459 445
457 445
455 444
453 444
452 444
451 443
449 443
449 443
448 443
448 443
448 443
448 442
448 442
448 442
448 442
448 442
448 442
448 442
448 442
448 442
448 442
448 442
448 442
448 442
448 442
448 442
448 442
448 442
448 442
448 442
448 442
448 442
448 442
448 442
448 442
448 442
448 442
448 442
448 442
448 442
448 442
448 442
448 442
448 442
448 442
448 442
448 442
448 442
448 442
448 442
448 442
448 442
448 442
448 442
448 442
448 442
448 442
448 442
448 442
448 442
448 442
448 442
448 442
448 442
448 442
448 442
448 442
448 442
448 442
448 442
448 442
448 442
448 442
448 442
448 442
448 442
448 442
448 442
448 442
448 442
448 442
448 442
448 442
448 443
448 443
448 443
448 443
448 444
448 444
448 444
448 445
448 446
447 447
447 449
447 451
447 453
447 453
447 458
447 458
446 461
445 466
445 466
445 468
444 470
444 471
444 473
443 475
442 476
442 477
442 478
442 478
442 478
442 479
442 479
442 479
442 480
442 480
442 481
442 482
442 485
442 486
443 487
443 487
443 487
443 487
443 487
443 487
443 487
443 487
443 487
443 487
443 487
443 487
443 487
443 487
443 487
443 487
443 487
443 487
444 486
444 486
444 486
444 486
444 486
444 486
444 486
444 486
444 486
444 486
444 486
444 486
444 486
444 486
444 486
444 486
444 486
444 486
444 486
444 486
444 486
444 486
444 486
444 486
444 486
444 486
444 486
444 486
444 486
444 486
444 486
444 486
444 486
444 486
444 486
444 486
444 486
444 486
444 486
444 486
444 486
444 486
444 486
444 486
444 486
444 486
444 486
444 486
444 486
444 486
444 486
-5000 -5000
444 486
-5000 -5000
444 486
-5000 -5000
444 486
-5000 -5000
444 486
-5000 -5000
444 486
-5000 -5000
444 486
-5000 -5000
444 486
-5000 -5000
444 486
-5000 -5000
444 486
444 486
444 486
444 486
444 486
444 486
444 486
444 486
444 486
444 486
444 486
444 486
444 486
444 486
444 486
444 486
444 486
444 486
444 486
444 486
444 486
444 486
444 486
444 486
444 486
444 486
444 486
444 486
444 486
444 486
443 486
434 479
423 472
411 461
399 451
387 440
379 432
369 425
362 417
353 411
346 404
340 397
334 391
330 386
327 381
325 376
323 373
322 370
322 367
322 367
322 366
322 366
322 366
322 366
322 366
322 366
322 366
322 366
322 366
322 366
322 366
322 366
322 366
322 366
322 366
322 366
322 366
322 366
322 365
321 360
319 356
317 350
316 345
314 337
313 332
313 327
312 324
312 320
312 317
311 314
311 311
311 309
309 306
309 304
309 302
309 300
309 300
309 295
309 295
309 292
309 290
309 288
309 287
309 285
311 284
311 283
311 283
311 283
311 283
311 283
311 283
311 283
311 283
311 283
310 283
307 283
305 283
302 283
299 284
297 284
295 284
295 285
295 285
295 285
295 285
295 285
295 285
295 285
295 285
295 285
295 285
295 285
295 285
295 285
295 285
295 285
295 285
295 285
295 285
295 285
295 285
295 285
295 285
294 285
292 285
290 285
289 285
288 285
288 285
288 285
288 285
288 285
288 285
288 285
288 285
288 285
288 285
288 285
288 285
288 285
288 285
288 285
288 285
288 285
288 285
288 285
288 285
288 285
288 285
288 285
288 285
288 285
288 285
288 285
288 285
288 285
288 285
288 285
288 285
288 285
288 285
288 285
288 285
288 285
288 285
288 285
288 285
288 285
288 285
288 285
288 285
288 285
288 285
288 285
288 285
288 285
288 285
288 285
288 285
288 285
288 285
288 285
288 285
288 285
288 285
288 285
288 285
288 285
288 285
288 285
288 285
288 285
288 285
288 285
288 285
288 285
288 285
288 285
288 285
288 285
288 285
288 285
288 285
288 285
288 285
288 285
288 285
288 285
288 285
288 285
288 285
288 285
288 285
288 285
288 285
288 285
288 285
288 285
288 285
288 285
288 285
288 285
288 285
288 285
288 285
288 285
288 285
288 285
288 285
288 285
288 285
288 285
288 285
288 285
288 285
288 285
288 285
288 285
288 285
288 285
288 285
288 285
288 285
288 285
288 285
288 285
288 285
288 285
288 285
288 285
288 285
288 285
288 285
288 285
288 285
288 285
288 285
288 285
288 285
288 285
288 285
288 285
288 285
288 285
288 285
288 285
288 285
288 285
288 285
288 285
288 285
288 285
288 285
288 285
288 285
288 285
288 285
288 285
288 285
288 285
288 285
288 285
288 285
288 285
288 285
288 285
288 285
288 285
288 285
288 285
288 285
288 285
288 285
288 285
288 285
288 285
288 285
288 285
288 285
288 285
288 285
288 285
288 285
288 285
288 285
288 285
288 285
290 285
295 285
300 285
306 286
309 288
309 288
317 292
317 292
319 294
321 296
321 296
321 296
321 296
321 296
321 296
322 296
322 296
322 296
322 296
322 296
322 296
322 296
322 296
322 296
322 296
322 296
322 296
322 296
322 296
322 296
322 296
322 296
322 296
322 296
322 296
322 296
322 296
322 296
322 296
-5000 -5000
322 296
-5000 -5000
322 296
-5000 -5000
322 296
-5000 -5000
322 296
-5000 -5000
322 296
-5000 -5000
322 296
322 296
322 296
322 296
322 296
322 296
322 296
322 296
322 296
322 296
322 296
322 296
322 296
322 296
322 296
327 296
327 296
337 295
353 293
378 292
427 291
456 291
492 294
513 297
530 299
538 300
545 301
552 301
556 301
558 301
560 301
561 301
561 301
561 300
561 300
561 300
561 300
561 300
561 300
561 300
561 300
561 300
561 300
561 300
561 300
561 300
561 300
561 300
561 300
561 300
561 300
561 301
561 301
561 301
561 301
561 301
561 301
561 301
561 301
561 301
561 301
561 301
561 301
561 301
561 301
561 301
561 301
561 301
561 301
561 301
561 301
561 301
561 301
561 301
561 301
559 301
551 301
543 300
530 295
512 289
495 284
482 279
468 273
457 270
451 268
444 266
439 265
439 265
433 263
432 263
431 262
431 262
431 262
431 262
432 262
435 261
439 261
442 261
445 261
449 261
449 261
450 262
450 262
450 262
450 262
450 262
450 262
450 262
450 262
450 262
450 262
450 262
450 262
450 262
450 262
450 262
450 262
450 262
450 262
450 262
450 262
450 262
450 262
450 262
450 262
450 262
450 262
450 262
450 262
450 262
450 262
450 262
450 262
450 262
450 262
450 262
450 262
450 262
450 261
450 261
450 261
450 261
450 261
450 261
450 261
450 261
450 261
450 261
450 261
450 261
450 261
450 261
450 261
450 261
450 261
450 261
450 261
450 261
450 261
450 261
450 261
450 261
450 261
450 261
450 261
450 261
450 261
450 261
450 261
450 261
449 261
447 261
445 261
442 261
439 261
435 261
431 261
427 261
422 261
422 261
417 261
417 261
413 261
412 261
412 261
411 261
410 261
410 261
410 261
410 261
409 261
409 261
409 261
408 261
408 261
408 261
408 261
408 261
408 261
408 261
408 261
408 261
408 261
408 261
408 261
408 261
408 261
408 261
408 261
408 261
408 261
408 261
408 261
408 261
408 261
408 261
408 261
408 261
408 261
408 261
408 261
408 261
408 261
408 261
408 261
408 261
408 261
408 261
408 261
408 261
408 261
408 261
408 261
408 261
408 261
408 261
408 261
409 261
409 261
409 261
409 261
409 261
409 261
409 261
409 261
409 261
409 261
409 261
409 261
409 261
409 261
409 261
409 261
409 261
409 261
409 261
409 261
409 261
409 261
409 261
409 261
409 261
409 261
409 261
409 261
409 261
409 261
409 261
409 261
409 261
409 261
409 261
409 261
409 261
409 261
409 261
409 261
409 261
409 261
409 261
409 261
409 261
409 261
409 261
409 261
409 261
409 261
409 261
409 261
409 261
409 261
409 261
409 261
409 261
409 261
409 261
409 261
409 261
409 261
409 261
409 261
409 261
409 261
409 261
409 261
409 261
409 261
409 261
409 261
409 261
409 261
409 261
409 261
409 261
409 261
409 261
409 261
409 261
409 261
409 261
409 261
409 261
409 261
409 261
409 261
409 261
409 261
409 261
409 261
409 261
409 261
409 261
409 261
409 261
409 261
409 261
409 261
409 261
409 261
409 261
409 261
409 261
409 261
409 261
409 261
409 261
409 261
409 261
409 261
409 261
409 261
409 261
409 261
409 261
409 261
409 261
409 261
409 262
412 266
416 271
421 277
424 280
424 280
424 280
425 282
429 285
433 288
436 292
441 299
448 306
455 313
463 320
469 328
475 334
481 340
486 346
489 350
492 353
494 354
495 355
497 356
499 356
501 356
502 356
503 356
504 356
504 356
505 356
506 356
507 356
507 356
507 356
508 357
508 357
508 357
508 357
508 357
508 357
508 357
508 357
508 357
508 357
508 357
508 357
508 357
508 357
508 357
508 357
508 357
508 357
508 357
508 357
508 357
508 357
508 357
508 357
508 357
508 357
508 357
508 357
508 357
508 357
508 357
508 357
508 357
508 357
508 357
508 357
508 357
508 357
508 357
508 357
508 357
508 357
508 357
508 357
508 357
508 357
508 357
508 357
508 357
508 357
508 357
508 357
508 357
508 357
-5000 -5000
508 357
-5000 -5000
508 357
-5000 -5000
508 357
-5000 -5000
508 357
-5000 -5000
508 357
-5000 -5000
508 357
-5000 -5000
508 357
508 357
508 357
508 357
508 357
508 357
508 357
508 357
508 357
508 357
508 357
508 357
508 357
508 357
508 357
508 357
508 357
508 357
508 357
508 357
508 357
508 357
508 357
508 357
508 357
508 357
508 357
508 357
508 357
508 357
508 357
508 357
508 357
508 357
508 357
508 357
508 357
508 357
508 357
508 357
508 357
508 357
508 357
508 357
508 357
508 357
508 357
508 357
508 357
508 357
508 357
508 357
508 357
508 357
508 357
510 357
515 358
524 361
538 367
553 373
564 379
578 387
590 394
598 400
603 404
607 407
607 407
611 411
611 411
612 412
612 412
612 412
612 412
612 413
612 414
612 417
608 420
605 423
599 429
587 436
567 443
539 449
507 452
485 453
463 453
446 453
434 451
428 449
423 447
417 446
414 444
414 444
412 444
411 443
411 443
411 443
411 443
411 443
411 443
411 443
411 443
411 443
411 443
411 443
411 443
411 443
411 443
410 443
402 444
393 447
384 450
375 451
357 454
341 457
327 459
315 461
308 461
301 461
294 461
290 461
287 461
284 461
282 461
278 461
275 461
273 461
271 460
269 459
267 459
266 458
265 457
264 457
264 456
263 454
263 454
262 452
261 450
260 448
258 446
256 445
253 443
250 441
245 440
241 440
239 440
236 440
235 440
235 440
235 440
235 440
235 440
235 440
235 440
235 440
235 440
235 440
235 440
235 440
235 440
235 440
235 440
235 440
235 440
235 440
235 440
235 440
235 440
235 440
235 440
235 440
235 440
235 440
235 440
235 440
-5000 -5000
235 440
-5000 -5000
-5000 -5000
235 440
-5000 -5000
235 440
-5000 -5000
235 440
-5000 -5000
235 440
-5000 -5000
235 440
235 440
235 440
235 440
235 440
235 440
235 440
235 440
235 440
235 440
235 440
235 440
235 440
235 440
235 440
235 440
235 440
235 440
235 440
235 440
235 440
235 440
235 440
235 440
235 440
235 440
235 440
235 438
235 432
239 419
244 402
251 384
261 362
272 339
280 323
289 311
293 304
297 296
300 293
302 290
305 287
308 284
312 282
315 279
319 276
323 274
323 274
325 271
327 270
330 268
332 268
334 267
336 267
338 267
339 266
340 266
341 266
342 265
342 264
342 264
342 264
342 264
342 263
342 262
342 261
342 261
342 261
342 261
342 261
342 261
342 261
342 261
342 261
342 261
342 261
342 261
342 261
342 261
342 261
342 261
342 261
342 261
342 261
342 261
342 261
342 261
342 261
342 261
342 261
342 261
342 261
342 261
342 261
342 261
342 261
342 261
342 261
342 261
342 261
342 261
342 261
342 261
342 261
342 261
342 261
342 261
342 261
342 261
342 261
342 261
342 261
342 261
342 261
342 261
342 261
342 261
342 261
342 261
342 261
342 261
342 261
342 261
342 261
342 261
342 261
342 261
342 261
342 261
342 261
342 261
342 261
342 261
338 262
334 264
326 269
317 274
307 280
300 284
295 287
291 289
286 290
284 291
282 291
282 291
279 291
278 291
278 291
277 292
274 293
273 293
271 294
270 294
269 294
269 294
269 294
269 294
269 294
269 294
269 294
269 294
269 294
269 294
269 294
269 294
269 294
269 294
269 294
269 294
269 294
269 294
269 294
269 294
269 294
269 294
269 294
269 294
269 294
269 294
269 294
269 294
269 294
269 294
269 294
269 294
269 294
269 294
269 294
269 294
269 294
269 294
269 294
269 294
269 294
269 294
269 294
269 294
269 294
269 294
269 294
269 294
269 294
269 294
269 294
269 294
269 294
269 294
269 294
269 294
269 294
269 294
269 294
269 294
269 294
269 294
269 294
269 294
269 294
269 294
269 294
269 294
269 294
269 294
269 294
269 294
269 294
269 294
269 294
269 294
269 294
269 294
269 294
269 294
269 294
269 294
269 294
269 294
269 294
269 294
269 294
269 294
269 294
269 294
269 294
269 294
269 294
269 294
269 294
269 294
269 294
269 294
269 294
269 294
269 294
269 294
269 294
269 294
269 294
269 294
269 294
269 294
269 294
269 294
269 294
269 294
269 294
269 294
269 294
269 294
269 294
269 294
269 294
269 294
269 294
269 294
269 294
269 294
269 294
269 294
269 294
269 294
269 294
269 294
269 294
269 294
269 294
269 294
269 294
269 294
269 294
269 294
269 294
269 294
269 294
269 294
269 294
269 294
269 294
269 294
269 294
269 294
269 294
269 294
269 294
269 294
269 294
269 294
269 294
269 294
269 294
269 294
269 294
269 294
269 294
269 294
269 294
269 294
269 294
269 294
269 294
269 294
269 294
269 294
269 294
269 294
269 294
269 294
269 294
269 294
269 294
269 294
269 294
269 294
269 294
269 294
269 294
269 294
269 294
269 293
269 291
269 289
271 287
272 286
273 285
273 284
275 283
277 282
278 281
280 280
281 279
283 278
284 276
285 275
288 274
289 273
290 271
291 270
293 269
295 265
297 263
297 263
300 261
301 260
302 259
303 258
305 257
305 257
305 257
305 257
305 257
305 257
305 257
305 257
306 257
306 257
307 257
307 257
307 257
307 257
307 257
307 257
307 257
307 257
307 257
307 257
307 257
307 257
307 257
307 257
307 257
307 257
307 257
307 257
307 257
307 257
307 257
307 257
307 257
307 257
307 257
307 257
307 257
307 257
307 257
307 257
307 257
307 257
307 257
307 257
307 257
307 257
307 257
307 257
307 257
307 257
307 257
307 257
307 257
307 257
307 257
307 257
307 257
307 257
307 257
307 257
307 257
307 257
307 257
307 257
307 257
307 257
307 257
307 257
307 257
307 257
307 257
307 257
307 257
307 257
307 257
307 257
307 257
307 257
307 257
307 257
307 257
307 257
307 257
307 257
307 257
307 257
307 257
307 257
307 257
307 257
307 257
307 257
307 257
307 257
307 257
307 257
307 257
307 257
307 257
307 257
307 257
307 257
307 257
307 257
307 257
307 257
307 257
307 257
307 257
307 257
307 257
307 257
307 257
307 257
307 257
307 257
307 257
307 257
307 257
307 257
307 257
307 257
307 257
307 257
307 257
307 257
307 257
307 257
307 257
307 257
307 257
307 257
307 257
307 257
307 257
307 257
307 257
307 257
307 257
307 257
307 257
307 257
307 257
307 257
307 257
307 257
307 257
307 257
307 257
307 257
307 257
307 257
307 257
307 257
307 257
307 257
307 257
307 257
307 257
307 257
307 257
307 257
307 257
307 257
307 257
307 257
307 257
307 257
307 257
307 257
307 257
307 257
307 257
307 257
307 257
307 257
307 257
307 257
307 257
307 257
307 257
307 257
307 257
307 257
307 257
307 257
307 258
307 264
307 271
306 277
305 290
304 305
304 322
304 337
307 352
307 352
308 357
308 357
309 359
309 360
309 360
309 360
310 360
310 360
310 360
311 360
311 360
311 360
312 360
313 360
313 360
313 360
313 360
313 360
313 360
313 360
313 360
313 360
313 360
313 360
313 360
313 360
313 360
313 360
313 360
313 360
313 360
313 360
313 360
313 360
313 360
313 360
313 360
313 360
313 360
313 360
313 360
313 360
313 360
313 360
313 360
313 360
313 360
313 360
313 360
313 360
313 360
313 360
313 360
313 360
313 360
313 360
313 360
313 360
313 360
313 360
313 360
313 360
313 360
313 360
313 360
313 360
313 360
313 360
313 360
313 360
313 360
313 360
313 360
313 360
313 360
313 360
313 360
313 360
-5000 -5000
313 360
-5000 -5000
313 360
-5000 -5000
313 360
-5000 -5000
313 360
-5000 -5000
313 360
-5000 -5000
313 360
-5000 -5000
313 360
-5000 -5000
313 360
313 360
313 360
313 360
313 360
313 360
313 360
313 360
313 360
313 360
313 360
313 360
313 360
313 360
313 360
313 360
313 360
313 360
313 360
313 360
313 360
313 360
313 360
313 360
313 360
313 360
313 360
313 360
313 360
313 360
313 360
313 360
313 360
313 360
313 360
313 360
313 360
313 360
313 360
313 360
313 360
313 360
313 360
313 360
313 360
313 360
313 357
313 349
313 338
313 327
313 314
314 303
314 295
315 287
315 282
315 282
315 275
315 275
315 269
315 269
315 267
315 265
315 262
315 259
316 257
316 256
316 255
316 255
316 254
316 254
316 254
316 254
317 254
317 254
317 254
317 254
317 254
317 254
317 254
317 254
317 254
317 254
317 254
317 254
317 254
317 254
317 254
317 254
317 254
317 254
317 254
317 254
317 254
317 254
317 254
317 254
317 254
317 254
317 254
317 254
317 254
317 254
317 254
317 254
317 254
317 254
317 254
317 254
317 254
317 254
317 254
317 254
317 254
317 254
317 254
317 254
317 254
317 254
317 254
317 254
317 254
-5000 -5000
