1 25
4 0
-5000 -5000
259 230
-5000 -5000
259 230
-5000 -5000
259 230
-5000 -5000
259 230
-5000 -5000
-5000 -5000
-5000 -5000
259 230
259 230
259 230
259 230
261 231
268 233
282 237
300 241
315 244
334 249
356 256
380 265
398 273
417 284
423 289
424 294
424 296
424 297
424 297
424 297
424 297
424 297
424 297
425 290
427 281
427 273
427 267
427 262
427 256
427 254
427 252
427 251
427 251
427 251
427 251
427 251
427 251
427 251
427 251
427 251
427 251
427 251
427 251
427 251
427 251
423 251
421 251
421 250
421 250
421 250
421 250
421 250
-5000 -5000
421 250
-5000 -5000
421 250
-5000 -5000
421 250
-5000 -5000
421 250
-5000 -5000
421 250
421 250
421 250
421 250
421 250
420 250
420 250
417 247
404 237
392 231
377 225
357 216
339 206
318 193
283 174
265 164
253 156
243 148
237 142
233 138
232 134
232 132
232 129
234 126
235 126
235 126
235 126
-5000 -5000
235 126
-5000 -5000
235 126
-5000 -5000
235 126
-5000 -5000
235 126
-5000 -5000
235 126
235 126
235 126
235 126
238 130
249 146
255 156
260 167
266 179
273 194
279 213
285 234
290 258
292 284
290 295
288 302
283 307
278 312
276 316
275 316
275 316
275 316
-5000 -5000
275 316
-5000 -5000
275 316
-5000 -5000
275 316
-5000 -5000
275 316
-5000 -5000
275 316
-5000 -5000
275 316
275 316
275 316
275 310
275 302
276 293
279 283
283 268
287 257
290 244
296 233
306 227
316 226
328 226
335 230
347 239
360 251
372 263
381 274
387 281
394 291
398 300
404 312
407 320
409 325
411 328
411 328
411 328
411 328
-5000 -5000
411 328
-5000 -5000
411 328
-5000 -5000
411 328
-5000 -5000
411 328
-5000 -5000
411 328
-5000 -5000
411 328
411 328
411 328
411 328
411 328
411 328
409 328
401 328
379 329
358 331
335 334
313 336
301 336
289 329
281 320
270 302
262 290
249 277
237 266
226 259
220 254
217 252
216 252
216 252
216 252
-5000 -5000
216 252
-5000 -5000
216 252
-5000 -5000
216 252
-5000 -5000
216 252
-5000 -5000
216 252
-5000 -5000
216 252
216 252
216 252
216 252
216 252
219 248
227 235
233 222
243 205
255 185
263 168
267 156
269 150
269 144
269 142
269 141
270 140
271 138
271 135
272 133
273 131
273 129
274 128
274 127
274 126
274 126
274 126
-5000 -5000
274 126
-5000 -5000
274 126
-5000 -5000
274 126
-5000 -5000
274 126
-5000 -5000
274 126
-5000 -5000
274 126
275 126
283 127
298 132
332 142
357 150
381 156
401 165
415 173
430 188
436 200
438 213
441 230
443 249
445 266
445 280
445 290
445 304
446 310
447 312
447 313
447 313
447 313
447 313
447 313
447 313
447 313
-5000 -5000
447 313
-5000 -5000
447 313
-5000 -5000
447 313
-5000 -5000
447 313
-5000 -5000
447 313
-5000 -5000
447 313
447 313
447 313
449 309
452 303
455 297
458 293
461 286
463 283
464 281
465 280
466 279
466 277
466 276
466 272
466 268
465 265
463 260
462 258
461 257
459 256
459 256
-5000 -5000
459 256
-5000 -5000
459 256
-5000 -5000
459 256
-5000 -5000
459 256
-5000 -5000
459 256
-5000 -5000
459 256
-5000 -5000
459 256
459 256
459 256
459 256
457 249
454 239
450 226
441 201
430 184
419 166
406 149
393 134
381 119
373 109
372 106
371 104
371 102
371 97
371 94
371 90
372 85
375 79
376 74
378 71
380 67
382 66
384 65
384 65
384 65
-5000 -5000
384 65
-5000 -5000
384 65
-5000 -5000
384 65
-5000 -5000
384 65
-5000 -5000
384 65
-5000 -5000
384 65
384 65
384 65
384 65
384 65
384 65
384 65
382 68
375 75
363 83
352 88
341 94
335 98
329 101
326 102
325 103
325 103
324 104
323 106
322 107
321 109
320 110
319 112
319 113
319 113
319 113
319 114
319 115
319 115
319 115
319 115
319 115
319 115
319 115
319 115
319 115
319 115
-5000 -5000
