1 25
2 0
-5000 -5000
272 244
-5000 -5000
272 244
-5000 -5000
272 244
-5000 -5000
272 244
-5000 -5000
272 244
-5000 -5000
272 244
272 244
272 244
272 244
272 244
272 244
272 244
272 244
272 244
272 244
272 244
272 244
272 244
272 244
272 244
272 244
286 240
327 231
378 225
432 219
485 203
508 197
524 192
537 187
547 182
553 180
558 177
563 175
569 173
597 159
617 153
619 151
620 151
620 151
620 151
620 151
620 151
620 151
-5000 -5000
620 151
-5000 -5000
620 151
-5000 -5000
-5000 -5000
620 151
-5000 -5000
620 151
-5000 -5000
620 151
620 151
620 151
620 151
620 151
620 151
620 151
611 158
598 169
580 187
560 210
533 249
493 313
481 338
473 358
471 372
469 384
467 395
464 410
460 421
457 429
453 436
451 441
448 445
447 447
446 448
445 449
445 449
445 449
-5000 -5000
445 450
-5000 -5000
445 450
-5000 -5000
445 450
-5000 -5000
445 450
-5000 -5000
445 450
445 450
445 450
445 450
444 450
441 441
437 426
433 399
431 375
427 348
423 315
421 250
423 220
423 202
423 193
425 187
426 181
428 175
429 170
431 166
432 166
432 165
432 165
432 165
-5000 -5000
432 165
-5000 -5000
432 165
-5000 -5000
432 165
-5000 -5000
432 165
-5000 -5000
432 165
-5000 -5000
432 165
-5000 -5000
432 165
432 166
432 175
432 182
429 191
427 201
425 212
422 227
416 257
410 280
404 307
397 335
395 352
395 367
395 379
395 390
395 406
397 415
399 423
400 430
401 436
403 442
404 450
407 458
408 463
411 469
414 473
417 478
421 483
425 488
430 495
431 498
432 499
433 499
433 500
433 500
433 500
-5000 -5000
433 500
-5000 -5000
433 500
-5000 -5000
433 500
-5000 -5000
433 500
-5000 -5000
433 500
-5000 -5000
433 500
433 500
433 500
433 500
433 500
433 500
433 500
433 498
435 494
436 489
437 485
438 480
438 472
438 458
438 443
438 421
438 386
438 369
438 353
438 341
438 332
438 323
439 315
440 311
440 310
440 310
440 310
440 310
440 310
440 310
440 310
440 310
440 310
440 318
442 334
444 344
445 347
446 348
446 350
446 351
446 351
446 352
-5000 -5000
446 352
-5000 -5000
446 352
-5000 -5000
446 352
-5000 -5000
446 352
-5000 -5000
446 352
-5000 -5000
446 352
446 352
446 353
448 362
449 375
450 394
453 430
454 450
456 468
458 480
460 490
462 499
462 503
462 506
462 509
462 513
462 518
462 522
462 524
462 527
462 530
462 532
462 534
462 534
462 535
462 535
-5000 -5000
